year 2557

JAN 681.77 491.02 615.80 1337.23 132.37 6.30 29.24 3293.73 33.68 3327.41
FEB 787.30 535.84 639.17 1323.12 138.51 6.69 30.31 3460.94 30.89 3491.83
MAR 967.41 621.49 754.61 1533.09 175.76 7.88 34.02 4094.26 34.22 4128.48
APR 1122.78 654.45 690.34 1553.09 179.76 8.19 32.55 4078.03 33.19 4111.22
MAY 1209.22 712.30 788.90 1551.17 189.83 9.61 37.21 4498.23 34.31 4532.54
JUN 1127.63 682.69 767.21 1516.10 172.77 8.74 35.77 4310.91 33.69 4344.60
JUL 1030.49 645.11 759.76 1513.70 175.35 8.52 35.87 4168.80 34.97 4203.77
AUG 1003.59 643.32 746.12 1510.29 176.04 8.47 37.43 4125.26 35.03 4160.29
SEP 986.90 633.60 752.22 1505.16 170.21 7.99 36.48 4092.56 34.17 4126.73
OCT 965.01 618.73 740.31 1511.56 171.59 8.16 36.64 4052.00 35.49 4087.49
NOV 971.29 627.12 742.06 1471.36 173.62 8.21 35.84 4029.50 34.47 4063.97
DEC 841.36 563.13 672.496 1376.17 158.86 7.37 32.86 3652.20 35.70 3687.90

Total 11694.75 7428.80 8668.96 17538.92 2014.66 96.13 414.22 47856.41 409.81 48266.23