year 2558

JAN 745.82 522.68 646.22 1,368.14 150.13 6.79 29.71 3,469.49 30.20 3,499.69
FEB 853.60 570.17 673.85 1,351.87 153.14 7.25 31.07 3,641.22 27.53 3,668.75
MAR 1,017.89 639.37 775.10 1,538.35 188.05 5.68 34.69 4,199.13 48.52 4,247.62
APR 1,100.93 645.17 702.60 1,382.69 180.69 11.79 32.94 4,056.81 36.57 4,092.48
MAY 1,216.77 713.30 812.36 1,551.41 200.08 10.07 36.62 4,540.61 36.88 4,577.49
JUN 1,178.44 702.89 784.33 1,519.24 185.03 9.42 36.31 4,415.66 35.80 4,451.46
JUL 1,091.09 679.05 796.77 1,528.01 186.42 9.94 35.34 4,326.62 37.11 4,363.73
AUG 1,091.64 672.93 759.55 1,491.74 184.63 9.52 36.23 4,246.24 37.29 4,283.53
SEP 1.040.53 658.94 753.94 1.504.40 172.68 9.42 34.45 4.174.36 36.19 4.210.55
OCT 1,000.14 636.90 744.68 1,524.45 173.37 9.47 36.81 4,125.82 36.85 4,162.67

Total 10,336.85 6,441.40 7,449.40 14,760.60 1,774.49 89.35 344.17 41,195.96 362.04 41,558.00