year 2557

JAN 681.77 491.02 615.80 1,337.23 132.37 6.30 29.24 3,293.73 33.68 3,327.41
FEB 787.30 535.84 639.17 1,323.12 138.51 6.69 30.31 3,460.94 30.89 3,491.83
MAR 967.41 621.49 754.61 1,533.09 175.76 7.88 34.02 4,094.26 34.22 4,128.48
APR 1,122.78 654.45 690.34 1,553.09 179.76 8.19 32.55 4,078.03 33.19 4,111.22
MAY 1209.22 712.30 788.90 1551.17 189.83 9.61 37.21 4,498.23 34.31 4,532.54
JUN 1,127.63 682.69 767.21 1,516.10 172.77 8.74 35.77 4,310.91 33.69 4,344.60
JUL 1,030.49 645.11 759.76 1,513.70 175.35 8.52 35.87 4,168.80 34.97 4,203.77
AUG 1,003.59 643.32 746.12 1,510.29 176.04 8.47 37.43 4,125.26 35.03 4,160.29
SEP 986.90 633.60 752.22 1,505.16 170.21 7.99 36.48 4,092.56 34.17 4,126.73
OCT 965.01 618.73 740.31 1,511.56 171.59 8.16 36.64 4,052.00 35.49 4,087.49
NOV 971.29 627.12 742.06 1,471.36 173.62 8.21 35.84 4,029.50 34.47 4,063.97
DEC 841.36 563.13 672.496 1,376.17 158.86 7.37 32.86 3,652.20 35.70 3,687.90

Total 11,694.75 7,428.80 8,668.96 17,538.92 2,014.66 96.13 414.22 47,856.41 409.81 48,266.23

year 2558

JAN 745.82 522.68 646.22 1,368.14 150.13 6.79 29.71 3,469.49 30.20 3,499.69
FEB 853.60 570.17 673.85 1,351.87 153.14 7.25 31.07 3,641.22 27.53 3,668.75
MAR 1,017.89 639.37 775.10 1,538.35 188.05 5.68 34.69 4,199.13 48.52 4,247.62
APR 1,100.93 645.17 702.60 1,382.69 180.69 11.79 32.94 4,056.81 36.57 4,092.48
MAY 1,216.77 713.30 812.36 1,551.41 200.08 10.07 36.62 4,540.61 36.88 4,577.49
JUN 1,178.44 702.89 784.33 1,519.24 185.03 9.42 36.31 4,415.66 35.80 4,451.46
JUL 1,091.09 679.05 796.77 1,528.01 186.42 9.94 35.34 4,326.62 37.11 4,363.73
AUG 1,091.64 672.93 759.55 1,491.74 184.63 9.52 36.23 4,246.24 37.29 4,283.53
SEP 1.040.53 658.94 753.94 1.504.40 172.68 9.42 34.45 4.174.36 36.19 4.210.55
OCT 1,000.14 636.90 744.68 1,524.45 173.37 9.47 36.81 4,125.82 36.85 4,162.67

Total 10,336.85 6,441.40 7,449.40 14,760.60 1,774.49 89.35 344.17 41,195.96 362.04 41,558.00
